1 10
5.863514469528601E8
2.944601938327527E8
7.325014118901752E7
3.435255069835137E8
8.216119225672126E8
1.3830897025931876E7
9.454506295123377E7
9.52334065966469E8
8.15469220732734E7
7.217337132601849E8
2 10
9.273706638594067E8
4.312127944485142E8
2.863228806516406E8
3.598441189730264E8
7.896146512959532E8
8.560224816330841E7
9.227514182969749E8
8.680283104825537E7
3.9080751054733807E8
7.750581224045746E8
3 10
4.426083512120296E8
7.356283914014643E8
3.74282237521816E8
2.0662291733683312E8
5.354156124934593E8
7.152416718982782E8
3.173452645060373E8
3.276590230031855E8
4.6626862956309545E8
2.5786611357246113E8
4 10
4.90294538954104E8
4.656743797003704E7
2.2886168292038345E8
1.6895022650839996E8
8.378163129183303E8
5.928241711134322E8
4.796839197427043E8
3.9739245015757304E8
6.5237590196048245E7
3.1702367936561114E8
5 10
9.142970209375533E7
8.112300770508E8
2.8730600195341074E8
6.271270299254035E8
6.919862849174882E8
5.375878375794489E8
4.2861507664625055E8
5.887027887023289E7
7.399330794796169E8
1.0556404054629175E8
6 10
4.524870241237416E8
1.862957398838455E8
5.283064020928986E8
4.1686480068127394E8
5.390717223200657E8
1.9262768661237484E8
5454318.035269412
2.6138048612790743E8
5.3361463072700334E8
4.422207454824475E8
7 10
4.551262529079361E8
6.935301207011951E8
3.4229295409347624E8
3.210676967629195E8
8.875124566615049E8
9.00837117591059E7
4.657135506275573E8
9.463613750523669E8
4.5876893072357297E8
1.2130384628814362E8
8 10
5.291121278179223E8
8.486230978580555E7
3.5863315712008494E8
1.8463188890683025E8
4.934882901187285E8
7.653326371073806E8
3.840570161600746E8
7.377631519521421E7
2.133564266659106E8
6.220536679408946E8
9 10
8.513530384459323E8
7.859434466449919E8
1.444875684605026E8
9.644532621147596E8
5.90170649138169E8
4.060843282097295E8
2.98962888519222E8
9.321257967475753E8
5.0968937387046754E8
9.494133217322184E8
10 10
9.950545861856811E8
8.650366630361816E8
6.307364441054672E8
8.920878441218251E8
5.558955759019886E8
1.9545982761606896E8
5.37106105085044E8
8.748204900318314E8
8.73594096835933E8
7.512056423421056E8
11 10
9.15178756482695E8
7.253285086540359E8
6.743954272268482E8
3.4895360571830523E8
2.2300801156723148E8
5.129076917278256E8
3.956876439446545E8
9.520123325794085E8
5.583643203512684E8
8.220509763717898E8
12 10
8.170937656035484E8
4.6858733595359313E8
4.7979378863322496E8
8.119147731553968E8
9.755882543030432E8
4.746445930764761E8
8.755716387569033E8
9.145686290699279E8
4.3852078791136384E8
7.597159550141175E8
13 10
9.724994472560384E8
2.1734704198753074E8
7.086256289513327E8
6.145000145894254E8
2.2981627331065956E8
6.732547316115482E8
3.915404350677975E8
2.0587011337348205E8
1.730633928097831E8
2.8825957430845994E8
14 10
7.690533688007523E8
2.1790889603468066E8
1.885633921103719E8
3.45440338141647E8
5.902427799304142E8
1.768464924562365E8
9.212441859977603E8
5.433389522718878E8
2.1786931358106253E8
5.232874419691262E8
15 10
1.9685878971909043E8
6.495001312128847E8
7.48825072993954E8
5.468691098436084E8
3.24222618796151E8
9.000636465462687E8
3.6514025534774786E8
7.565022841927403E8
2.2390952215664673E8
9.124076334058238E8
16 10
9.65992857991059E8
1.2360241972976215E8
7.691884790070957E7
3.202241571665947E8
8.1362202101266E7
9.062276729924788E8
9.014560160896812E7
6.890406983094808E8
1.7441243911978933E8
4.387979881436788E8
17 10
5.3505633026695377E8
5.2508444736994255E8
7.02387758226238E8
3.550768064807625E8
4.317938267560278E8
3.515189663136997E8
7.24745776730138E8
2.0135558740387994E8
1.2300348949577211E8
8.934655083627498E8
18 10
4.2245147692801535E8
2.9228804005030984E8
5.099952008736367E8
3.868541548262883E8
6.237991006432981E8
9.635800348356744E8
9.084244478730109E8
9.060327609604286E8
3.1982460981347483E8
8.374769026782747E7
19 10
3.2149678264196515E8
3.911946224972632E8
1.9631678732247192E8
8.014151939128561E8
4.2577014769573E8
7.490681543990254E8
4.096306079823778E8
2.5130525405587576E7
7.179498017956107E8
9.989454421415933E8
20 10
1.899511567696237E8
5.943623188553293E7
8.064102533033745E7
9.410084372915384E8
3.6835241979653543E8
1.5393911304102227E8
4.9084480259171295E8
2.3504522077711377E8
5.929400855442537E8
4.6138142539614636E8
21 10
7.170525243823904E8
9.503087081053385E7
8.245629769460175E8
4.6223362792524144E7
6.291153268559688E8
2.8680879117256697E7
6.840232035373048E8
1.370047348052299E8
1.796347082808184E8
1.8096740458425543E8
22 10
3.604100406395186E8
7.737615016768068E8
2.0644114545220482E8
8.767216810893363E8
8.412826542247286E7
3.6603049088303274E8
9.527971319964856E8
8.998288312570287E8
6.183867771863759E8
4.474837531007905E8
23 10
6.052827361998763E8
8.951537331686128E8
8.293586357813901E8
8.999137733565055E7
2.088904194623663E8
3.4220007256379634E7
1.5791909323632136E8
2.2919919720462367E7
3.4677696710187614E7
7.467962664506178E8
24 10
7.348133521650771E8
4.9273089635959935E8
8.473954903484099E8
8.879274545519928E8
9.56301241505495E8
2.934520741244532E8
5.488307231099724E8
1.8358088399906036E8
5.687710701665852E8
2.0035167205682868E8
25 10
3.571721286275292E8
1.7796054270763794E8
6.985107645077032E8
2.471538332462606E8
2.3528312510609385E7
1.9167497463308713E8
8.06768825776004E8
9.013909204651394E8
5.837976205189548E8
9.923275883629326E8
26 10
2.5043404125029057E8
2.1299708518673334E8
7.974094253103404E8
9.777307811650225E8
9.851072096653941E8
4.3800392694594216E8
7.340271616959649E8
6.768280341931639E8
9.600338843932191E8
4.7220796472571427E8
27 10
9.351232577366841E8
2.8454107838320065E8
9.233130004335337E8
6.689374035767064E8
1.9940693270759034E8
7.641419625276546E8
6.809900281476293E8
2.6055261092832705E8
3.194056065864732E8
7.743827774276615E8
28 10
3.3509065029235965E8
6.550735151359694E8
3.10714754460778E7
3.084983068405707E8
6.633442747874414E8
3.3733464468583894E8
2.9104849910339903E7
4.683300302515138E8
5.972936478732518E8
9.683257981277446E8
29 10
1.4775615785100237E8
2.3920278532665417E8
7.056810580938885E8
5.468852199715471E8
7.101889287416251E8
4.798174877140615E8
6.964473229983945E8
1.7466869275577545E8
6.090563969347153E8
5.963071805461054E8
30 10
2.1337516925479284E8
4.832705766040013E7
8.967645100787321E8
5.3073557557114327E8
6.223539318308485E8
7.920813385997642E8
5.35964643386854E8
7.617006987784512E8
5.743727687861022E7
1.39393457253833E8
