1 10
4.890517463065325E7
2.741873464534427E8
3.784891878107307E8
4.112470810355023E8
4.8913958956103176E8
5.1071646256647694E8
7.28311848018888E8
8.45960900311849E8
8.500840753381387E8
9.8833858346981E8
2 10
4.491534556796961E7
6.3155199594063014E7
1.9745714051948372E8
2.6485496629800674E8
5.379769312063831E8
7.303995027637982E8
7.319380414347593E8
8.203715919573876E8
8.274794076755946E8
8.428257616326598E8
3 10
1.0694313565972568E8
2.0811127817341536E8
3.3681948308734125E8
3.402181161282112E8
4.8358243153132105E8
5.0861482566299164E8
5.1870620752139974E8
6.948264970164272E8
8.993986026817954E8
9.336102320645688E8
4 10
2.5559511205354768E8
2.967894068256224E8
3.731227230492269E8
4.2347253010275656E8
4.541928772822138E8
4.7731897018365574E8
5.842034967631226E8
6.886430779712774E8
7.02554412306288E8
7.967505661886394E8
5 10
1.2321652799126104E8
1.5648191091453832E8
2.3059098843610692E8
3.4083201259755003E8
5.416338828251469E8
7.74392253157069E8
8.09966369361569E8
8.684096178934977E8
8.695920455325704E8
9.682131225829647E8
6 10
6522369.889563895
9.127800990054491E7
2.998413753410131E8
3.0625015675176007E8
3.3692783868689966E8
3.606041730678048E8
5.15024092955083E8
5.2515919135143816E8
6.376584222350044E8
8.779046981579126E8
7 10
1.1375742396977118E8
1.9123577160399798E8
4.586423390987866E8
5.168257738117393E8
5.633196122640324E8
5.685428829334748E8
6.254038217878579E8
8.080086153351032E8
9.138065138634733E8
9.77488249542593E8
8 10
3.559451902794675E7
5.699536804499683E7
3.017034688360527E8
3.356819565667777E8
3.363802122407825E8
4.0239867705207056E8
4.0881683120647115E8
4.725756530228784E8
5.1618735204220134E8
8.906995558171564E8
9 10
6484268.659175396
1.4157721733675754E8
1.5978176555412292E8
1.7390948688521966E8
2.3155555369013157E8
3.138570898610029E8
4.004384147367935E8
6.549843542704192E8
7.280663528160372E8
9.135148942290154E8
10 10
1.2757875300024058E8
1.6210151623481083E8
4.045514679633011E8
5.030302871003901E8
6.368629824591469E8
6.993711631575917E8
7.261504024867378E8
7.670854704141597E8
8.328705158666705E8
8.91245946929374E8
11 10
2.3276430988276985E8
2.4130154754942366E8
3.180742018611767E8
3.8404459506343734E8
3.889094523232922E8
5.45370939461837E8
6.977548300589696E8
9.005133786811708E8
9.478377248599751E8
9.894850281001544E8
12 10
4.902643953329999E7
1.5396020988387072E8
1.5925107064273214E8
1.6840343745778853E8
3.990886278917706E8
4.911665888796973E8
6.292446154774488E8
6.516365901054872E8
7.146662850412644E8
7.455859973771019E8
13 10
2.3061997836720294E8
2.8649627349815834E8
2.982264467886899E8
3.303367121823635E8
4.9735243810355055E8
6.345316946795169E8
7.212633743311576E8
8.667119095547019E8
8.807172444983025E8
9.241140957619591E8
14 10
8.405360555675124E7
3.75076241862194E8
4.810766525280776E8
6.112633066777216E8
6.776418903376417E8
7.151194541083893E8
7.809485635078665E8
8.659959904339848E8
9.148319668197418E8
9.455996575991925E8
15 10
6.923861530472974E7
7.07618095531255E7
2.0375792868052146E8
2.32736592892259E8
4.906646769477447E8
5.0218990741273504E8
5.158608642551332E8
8.460941756290817E8
9.70565939720324E8
9.802798540422744E8
16 10
5.211508508351226E7
1.0495948812212896E8
1.2626422652298519E8
1.656281161242411E8
4.4120150784900534E8
5.894147937176028E8
6.263169676310176E8
6.604578493800383E8
7.590283042368609E8
8.54703327294491E8
17 10
2.1132402161991306E7
2.6434849209468924E7
1.6337889578912246E8
2.1910916822659433E8
4.3890875676208353E8
6.057136568905448E8
6.18397576487109E8
6.934914232339879E8
9.108992004375311E8
9.482150888763018E8
18 10
429551.27425792214
3.925675697281516E7
2.5499198224215758E8
4.537678728626527E8
4.9194576807906455E8
5.746894660493534E8
7.334442696351857E8
7.839981814495729E8
9.074709645077717E8
9.138921853158963E8
19 10
1.726670104029535E8
2.663590512319278E8
3.228105740136105E8
3.637514775119154E8
4.970851295524979E8
5.656190775819144E8
5.843927802908373E8
7.167587228152206E8
7.999598724159173E8
9.173267015387965E8
20 10
8.390508673442253E7
1.1098075805747531E8
2.202651277882266E8
3.275968473173425E8
3.825516881093327E8
4.666291056521047E8
4.787704594951987E8
6.281635026352804E8
6.918887395548946E8
9.545663610884029E8
21 10
6.35394436047555E7
6.914518504631795E7
1.5783953591544485E8
3.2271522289735585E8
4.6558249322244436E8
5.1066454025990146E8
5.625836399996772E8
6.656897200762928E8
6.957775664941359E8
7.858229404164445E8
22 10
4.63683707802458E7
1.4534470507905817E8
4.105319869057238E8
4.824493057086181E8
4.9691991657668155E8
5.774408542603391E8
8.165038672704316E8
8.259589913165767E8
9.422580435012497E8
9.474649087533756E8
23 10
1.131482413326308E8
1.5565207193953767E8
1.826486071248058E8
2.2045359398059383E8
5.069246631416233E8
5.099297074266805E8
5.489706210936742E8
7.94361276273028E8
8.075046900375543E8
8.792009098116053E8
24 10
2.423234842714954E8
2.517709630883832E8
3.0317709584486574E8
3.088032678740661E8
3.9289399215299845E8
3.9508312041909856E8
4.596418748771751E8
6.015526930096853E8
6.759977925204748E8
7.226282754333878E8
25 10
1.8322323992086887E7
3.846415427221817E7
4.543968138065413E7
4.8145129121455723E8
5.222289200576363E8
5.294753882209906E8
7.774803969448395E8
7.918436346895624E8
9.006092154404156E8
9.762829364133339E8
26 10
2.54439984619963E7
2.4240213438945156E8
2.5738348329346007E8
4.106701852675405E8
4.181651794977873E8
4.667874019178995E8
5.912312317667238E8
6.714664481491578E8
7.31574115330104E8
9.532321611003652E8
27 10
7.164948074856259E7
1.1527979245063257E8
1.2033858552010967E8
3.9588156252438366E8
4.443446839034446E8
6.302286841092587E8
7.877528377954127E8
8.481179643453689E8
9.200016682215464E8
9.830911675660425E8
28 10
1.370476217213722E8
1.4030072916634706E8
2.380996952033554E8
4.6858969605625665E8
6.450289082442782E8
6.603117539742366E8
7.501693873969254E8
7.737199292408035E8
9.936262560992103E8
9.982856924664469E8
29 10
7.256148919547234E7
1.2227773343990012E8
1.8306970069900262E8
2.836544731608851E8
2.923649762466516E8
3.2176674515260893E8
3.933818963325916E8
6.159114952279518E8
6.690437644653914E8
8.614151863243123E8
30 10
5.046555291075438E7
5.302047041750413E7
2.5152209823784488E8
2.752213410476123E8
5.393390841468378E8
5.903521891537157E8
6.394011597827137E8
6.525255982589402E8
6.74353545101849E8
9.153362420479838E8
